Case #1: 3 4 5 6 
Case #2: 1 2 3 
Case #3: 1 2 3 5 6 7 8 
Case #4: 1 2 3 4 5 6 7 8 9 10 11 12 13 14 
Case #5: 1 2 3 4 5 6 7 8 9 10 11 12 13 14 15 16 17 18 19 20 
Case #6: 1 2 3 
Case #7: 1 2 3 4 
Case #8: 1 2 3 4 5 6 7 8 9 10 11 12 13 14 15 16 
Case #9: 1 2 3 4 
Case #10: 1 2 3 4 6 7 8 
Case #11: 1 2 3 4 5 6 7 8 9 10 11 12 13 14 15 16 17 18 19 
Case #12: 1 2 3 4 5 6 7 8 9 10 
Case #13: 1 2 3 4 5 6 7 8 9 10 11 12 13 14 
Case #14: 1 2 3 4 5 6 7 
Case #15: 1 2 3 4 5 6 7 8 9 10 11 12 13 
Case #16: 1 2 3 4 5 6 7 8 9 10 11 12 13 14 15 16 17 18 19 20 
Case #17: 1 2 3 4 6 7 8 
Case #18: 2 3 4 5 
Case #19: 1 2 3 5 6 7 8 
Case #20: 1 2 3 4 5 6 7 8 
Case #21: 1 2 3 4 5 6 7 8 9 10 11 12 13 14 15 16 17 18 19 20 
Case #22: 1 2 3 5 6 
Case #23: 1 2 3 4 5 6 7 8 9 10 11 12 13 14 15 16 17 18 
Case #24: 1 2 3 4 5 6 7 8 9 10 11 12 13 14 15 16 17 18 
Case #25: 1 2 3 4 5 6 8 9 10 11 12 13 
Case #26: 1 2 3 4 
Case #27: 1 2 4 5 
Case #28: 3 4 5 
Case #29: 1 2 3 5 6 7 
Case #30: 1 2 3 4 5 6 7 8 9 10 11 12 13 14 15 16 17 18 
Case #31: 1 2 3 4 
Case #32: 1 2 3 4 5 6 8 9 10 11 12 13 14 
Case #33: 1 2 3 4 5 6 7 8 9 10 11 12 13 14 15 16 17 18 19 
Case #34: 1 2 3 4 5 6 7 8 9 10 11 12 13 14 15 
Case #35: 1 2 3 4 
Case #36: 1 2 3 4 5 6 7 8 9 10 
Case #37: 1 2 3 5 6 7 
Case #38: 1 2 3 4 5 6 7 8 9 11 12 13 14 15 16 17 18 19 20 
Case #39: 1 2 3 4 5 6 7 8 9 10 11 12 
Case #40: 2 3 4 5 6 
Case #41: 1 2 3 5 6 7 
Case #42: 1 2 3 4 5 
Case #43: 1 2 3 4 5 6 8 9 10 11 12 13 14 
Case #44: 1 2 3 4 5 6 7 8 9 10 11 12 13 14 
Case #45: 1 2 3 4 5 6 7 8 9 10 11 12 13 14 15 16 17 18 19 20 
Case #46: 1 2 3 4 5 6 7 8 9 10 11 12 13 14 
Case #47: 1 2 3 4 5 6 7 8 9 10 11 12 13 14 15 16 17 18 19 20 
Case #48: 1 2 3 4 5 6 7 8 9 10 11 12 13 14 15 16 17 18 19 20 
Case #49: 1 2 3 4 5 
Case #50: 1 2 3 4 5 6 7 8 9 10 11 12 13 14 
